,class_pred,prob_score,x1,y1,x2,y2,x_mid,y_mid
0,32.0,0.73237646,0.0,544.34644,1003.067,922.1763,501.5335,733.26135
1,32.0,0.658162,32.968227,481.41992,1096.6847,878.3762,564.8264,679.8981
2,32.0,0.91550386,359.0797,679.66907,838.6615,839.9892,598.8706,759.8291
4,32.0,0.9016011,272.26025,674.8078,776.8758,834.65784,524.568,754.7328
5,32.0,0.94154507,269.13644,723.0149,823.9061,856.1586,546.52124,789.5868
6,32.0,0.8631496,155.99341,610.6565,1015.0795,932.70953,585.5365,771.683
7,32.0,0.76516193,208.04076,520.60364,1093.0664,952.00006,650.5536,736.3019
8,32.0,0.90169126,732.5655,131.04825,868.15857,165.59956,800.36206,148.32391
9,32.0,0.5945566,181.9168,0.0,1111.0,236.01547,646.4584,118.00774
10,32.0,0.9401215,374.37613,700.9145,851.5978,871.67944,612.98694,786.297
11,32.0,0.9080996,190.76363,667.4594,702.9296,845.19855,446.84662,756.329
12,32.0,0.94357413,155.1423,723.2202,705.0289,862.3623,430.0856,792.79126
13,32.0,0.9275319,339.7,617.65186,855.2219,818.6874,597.46094,718.1696
14,32.0,0.84099144,453.4544,56.720078,1111.0,166.76988,782.2272,111.74498
15,32.0,0.8725744,690.95337,130.375,834.404,161.44836,762.6787,145.91168
16,32.0,0.93301207,724.1131,111.615456,877.7787,141.35887,800.9459,126.48717
17,32.0,0.8785997,772.96594,132.14821,890.2118,166.20947,831.58887,149.17883
18,32.0,0.91918993,231.2784,616.8692,736.63715,816.0658,483.95776,716.4675
19,32.0,0.89595854,418.93237,657.05316,883.2522,860.9164,651.0923,758.98474
20,32.0,0.89213806,681.5485,110.78646,843.1789,139.26793,762.3637,125.02719
21,32.0,0.8942814,673.8936,73.01323,894.3077,180.57951,784.10065,126.79637
22,32.0,0.9285886,771.44904,110.39036,906.05334,141.4403,838.7512,125.91533
23,32.0,0.91748536,397.5286,737.8994,736.5063,850.8486,567.01746,794.374
24,32.0,0.87202775,614.03326,75.87288,880.97174,173.55675,747.5025,124.71481
25,32.0,0.93156946,763.65424,121.43269,831.3349,158.72118,797.49457,140.07693
26,32.0,0.89278066,678.6908,107.456856,894.41925,196.75616,786.55505,152.1065
27,32.0,0.9530785,265.98904,731.9818,638.6242,852.3653,452.30664,792.1736
28,32.0,0.8491517,402.7876,691.99915,731.7986,827.66046,567.2931,759.82983
29,32.0,0.93638104,795.4577,121.147675,861.63,161.54337,828.5438,141.34552
30,27.0,0.54085916,112.61361,340.09808,1111.0,952.00006,611.8068,646.0491
31,32.0,0.818774,499.0117,20.452309,1111.0,149.42162,805.00586,84.93696
32,32.0,0.8838374,636.5579,104.46917,871.2844,190.5979,753.92114,147.53354
33,32.0,0.8187156,430.89636,89.64851,1111.0,201.49388,770.9482,145.5712
34,32.0,0.9430727,215.95483,741.92285,837.8192,895.06836,526.887,818.4956
35,32.0,0.9170589,92.1766,632.7408,691.47546,823.8245,391.82605,728.28265
36,32.0,0.8058961,510.30615,643.77466,798.4521,859.03766,654.37915,751.4061
37,32.0,0.9225016,446.71,678.0949,926.2508,909.8935,686.4804,793.9942
38,32.0,0.94217587,799.8014,105.305244,869.5439,146.02884,834.6726,125.66704
39,32.0,0.90457606,726.2216,118.287415,792.9623,155.0586,759.5919,136.673
40,32.0,0.811831,0.0,632.62854,920.88196,951.5006,460.44098,792.0646
41,32.0,0.8656011,738.556,137.32549,861.8071,157.3383,800.1816,147.3319
42,32.0,0.8144028,515.7325,679.8523,790.335,905.6099,653.03375,792.7311
43,32.0,0.84649885,781.3722,136.88599,885.5059,156.95193,833.4391,146.91896
44,32.0,0.9324708,766.36694,112.7746,828.5505,146.12166,797.45874,129.44812
45,32.0,0.8895185,721.51495,70.72843,921.3434,182.67564,821.4292,126.70204
46,32.0,0.9326679,112.08875,736.5586,723.17706,894.24786,417.6329,815.4032
47,32.0,0.93937624,271.79855,634.7913,583.7189,879.637,427.75873,757.2142
48,27.0,0.5932254,28.421137,0.0,1111.0,527.36945,569.7106,263.68472
49,32.0,0.90014577,410.5867,635.3194,742.1112,876.02045,576.34894,755.6699
50,32.0,0.8613501,306.70847,695.2758,676.845,826.9344,491.77673,761.1051
51,32.0,0.906531,730.199,108.26418,788.46783,143.26903,759.3334,125.7666
52,32.0,0.853857,706.48816,135.9646,818.55835,154.70685,762.52325,145.33572
53,32.0,0.8868854,334.0019,636.68176,668.17944,880.70483,501.09067,758.6933
54,32.0,0.9106481,515.16077,725.3315,786.10626,859.2485,650.63354,792.29
55,32.0,0.7899467,513.2813,689.66595,780.3474,824.21545,646.81433,756.9407
56,32.0,0.9384304,64.44946,657.8896,650.86597,854.9133,357.6577,756.4015
57,32.0,0.9017197,371.85822,590.7862,703.3521,854.15784,537.60516,722.47205
58,32.0,0.8849074,794.9223,135.3698,865.7376,156.91594,830.32996,146.14287
59,32.0,0.93799895,285.1299,579.78125,634.6933,871.16907,459.91162,725.47516
60,32.0,0.7179786,268.14868,314.66022,661.3972,952.00006,464.77295,633.33014
61,32.0,0.94446564,338.21735,712.028,887.2833,905.2123,612.75037,808.6201
62,32.0,0.886972,756.5445,135.7085,833.3396,157.10988,794.942,146.40918
63,32.0,0.9307045,781.9447,106.92069,896.62787,128.36253,839.28625,117.64162
64,32.0,0.9596288,199.52722,745.37146,564.28625,855.8375,381.90674,800.6045
65,32.0,0.89171743,356.0245,604.92725,969.9346,778.3142,662.9795,691.6207
66,32.0,0.89214915,144.54326,583.3556,693.3794,787.9236,418.9613,685.6396
67,32.0,0.8904316,707.65314,109.727905,807.52625,129.30856,757.5897,119.518234
68,32.0,0.9425897,30.891733,705.86035,651.1993,886.69183,341.0455,796.2761
69,32.0,0.8097105,651.24744,133.4424,798.5014,160.6389,724.8744,147.04065
70,32.0,0.7101149,355.0224,299.99786,743.4352,952.00006,549.22876,625.99896
71,32.0,0.93252665,731.59296,110.33685,860.5708,133.76122,796.0819,122.049034
72,32.0,0.8984777,711.67377,46.03685,890.2382,181.09967,800.956,113.56826
73,32.0,0.9030413,647.21533,107.11844,806.28394,133.94476,726.74963,120.5316
74,32.0,0.9403007,252.7938,604.8934,526.7986,833.7011,389.7962,719.29724
75,32.0,0.89531595,721.6516,80.85703,887.83203,204.38033,804.7418,142.61868
76,32.0,0.8983936,807.50006,98.07589,924.593,132.32076,866.0465,115.19832
77,32.0,0.86636823,723.1619,134.04022,793.2046,154.34055,758.1832,144.19038
78,32.0,0.920105,816.03265,127.00162,852.47406,147.2659,834.25336,137.13376
79,32.0,0.601309,592.6291,675.29846,856.2547,913.51025,724.4419,794.40436
80,32.0,0.8647104,454.17538,597.1186,773.4107,849.8591,613.793,723.48883
81,32.0,0.9282699,378.05402,632.55194,981.2358,820.71533,679.6449,726.63367
82,32.0,0.8134833,568.772,726.15546,808.2714,869.73816,688.5217,797.9468
83,32.0,0.84073734,531.65814,771.4983,691.5144,812.20306,611.5863,791.8507
84,32.0,0.89099705,831.72046,87.05343,895.59607,134.57306,863.65826,110.81325
85,32.0,0.7335489,450.00034,389.97086,860.8114,952.00006,655.4059,670.9855
86,32.0,0.94976914,258.1573,691.9312,579.86835,823.51337,419.01282,757.7223
87,32.0,0.9419493,797.57935,111.494965,874.8588,134.58379,836.2191,123.039375
88,32.0,0.9219054,777.00806,128.69223,816.33105,148.47311,796.66956,138.58267
89,32.0,0.8644366,410.9754,659.4487,733.24097,786.62415,572.10815,723.03644
90,32.0,0.879453,754.54816,44.36284,925.2843,182.72028,839.91626,113.54156
91,32.0,0.9501262,302.34613,681.7257,625.8816,894.74615,464.11386,788.23596
92,32.0,0.9003628,723.15155,113.83877,791.7179,134.97113,757.4347,124.40495
93,32.0,0.85868526,659.61884,16.64341,923.91437,146.367,791.7666,81.50521
94,32.0,0.90353805,485.46857,775.03534,658.65967,813.8077,572.0641,794.4215
95,32.0,0.9025009,339.65805,786.41846,722.7124,876.3842,531.18524,831.40137
96,32.0,0.9323374,756.82184,115.28731,834.0901,138.19327,795.45593,126.74029
97,32.0,0.72949797,528.5297,653.3659,762.56714,800.3162,645.54846,726.84106
98,32.0,0.940573,274.72433,779.26166,648.578,873.8335,461.65118,826.5476
99,32.0,0.7235316,812.0502,129.8985,916.81506,164.7537,864.4326,147.3261
100,32.0,0.83170646,834.18365,117.060844,890.05896,161.68697,862.12134,139.3739
101,32.0,0.9151497,374.01932,683.44464,696.4374,897.0076,535.22833,790.22614
102,32.0,0.96524084,332.3913,781.29193,506.12442,817.1183,419.25787,799.2051
103,32.0,0.8181631,542.9481,34.29073,1111.0,181.38239,826.97406,107.83656
104,32.0,0.69925076,191.87578,291.36438,600.74005,952.00006,396.30792,621.68225
106,32.0,0.90249443,741.068,126.07753,776.7486,145.17682,758.9083,135.62717
107,32.0,0.886872,757.74304,81.231285,915.7348,208.34439,836.7389,144.78784
108,32.0,0.54772294,554.16254,673.2058,745.5086,838.2766,649.8356,755.7412
109,32.0,0.8887278,678.32275,47.08066,850.0415,177.72406,764.1821,112.40236
110,32.0,0.9382016,816.05066,103.9351,854.7415,130.19856,835.3961,117.06683
111,32.0,0.72116125,550.54535,608.95166,806.19366,824.3809,678.3695,716.66626
112,32.0,0.90814704,398.86823,531.13214,746.3784,842.40155,572.6233,686.76685
113,32.0,0.64653647,836.0556,134.56728,896.28107,155.46785,866.16833,145.01756
114,32.0,0.91376156,739.7628,108.18585,775.04456,132.01613,757.4037,120.10099
115,32.0,0.7593121,489.85217,77.163246,1096.8904,248.07996,793.3713,162.62161
116,32.0,0.96742123,363.64297,778.19653,552.11383,812.9214,457.87842,795.55896
117,32.0,0.80535257,691.51587,133.78316,769.2861,152.25305,730.401,143.0181
118,32.0,0.88829625,683.4895,77.201126,853.5264,204.21776,768.50793,140.70944
119,32.0,0.86340874,833.81464,100.1272,903.7708,121.164406,868.7927,110.6458
120,32.0,0.70150733,581.78467,690.084,798.4356,897.0427,690.1101,793.56335
121,32.0,0.93669724,195.62001,782.7425,572.17365,866.82794,383.89685,824.7852
122,32.0,0.95123494,441.77225,776.675,623.9402,813.455,532.8562,795.065
123,32.0,0.87765056,507.75394,708.7414,710.87823,868.92804,609.3161,788.8347
124,32.0,0.7254888,558.84106,627.78156,803.30865,952.00006,681.0748,789.8908
125,32.0,0.86051106,508.95746,603.8934,778.24115,952.00006,643.5993,777.9467
126,32.0,0.9279217,775.3363,110.1463,814.9074,137.52342,795.1218,123.83486
127,32.0,0.7938295,538.7125,697.3527,758.4154,887.1871,648.56396,792.2699
129,32.0,0.9472012,254.57066,556.3395,573.35486,813.5666,413.96277,684.953
130,32.0,0.8566833,695.57996,103.60341,767.1862,121.086586,731.38306,112.345
131,32.0,0.8588694,579.2937,734.2133,722.75665,780.4839,651.02515,757.34863
132,32.0,0.84070903,535.5089,736.9302,689.0839,780.10956,612.2964,758.5199
133,32.0,0.86508375,740.90436,64.99004,988.8647,168.16852,864.8845,116.579285
134,32.0,0.94234914,352.1236,660.7226,640.29376,786.03314,496.20868,723.37787
135,32.0,0.9503507,241.2776,687.8421,540.6327,897.7429,390.95514,792.7925
136,32.0,0.9396541,801.2843,109.380974,861.94574,171.65347,831.615,140.51723
137,32.0,0.6944415,575.64,595.4165,868.0895,853.06256,721.86475,724.2395
140,32.0,0.8785552,774.1881,68.67945,904.9028,101.687355,839.5454,85.1834
141,32.0,0.8755384,0.0,709.13605,1051.4242,952.00006,525.7121,830.56805
142,32.0,0.7975052,568.6694,773.643,724.5055,813.48083,646.5874,793.5619
143,32.0,0.97339046,406.47485,776.96826,584.9445,814.9052,495.7097,795.93677
144,32.0,0.8535798,732.9105,27.222685,946.2683,185.97644,839.5894,106.59956
145,32.0,0.5120465,653.7426,783.26154,791.55316,822.905,722.6479,803.08325
146,32.0,0.5587946,588.109,660.1794,782.49915,850.95056,685.3041,755.56494
147,32.0,0.77684695,380.1163,40.33104,991.0351,191.28174,685.5757,115.80639
148,32.0,0.82755286,695.6423,119.07784,755.15857,157.38239,725.4004,138.23012
149,32.0,0.83496934,842.2299,100.994965,895.9868,124.50322,869.1084,112.74909
150,32.0,0.84020346,698.24664,97.54319,757.15027,138.4202,727.6985,117.98169
152,32.0,0.92984194,765.15735,108.04036,829.36395,168.90535,797.2606,138.47285
153,32.0,0.923095,301.52975,468.68048,613.9524,952.00006,457.7411,710.3403
154,32.0,0.9357555,264.77646,657.7698,572.3403,783.7805,418.55835,720.77515
155,32.0,0.901312,282.36923,593.9776,771.5665,798.37274,526.9679,696.1752
156,32.0,0.5702595,596.9761,631.83417,766.9448,807.79486,681.96045,719.8145
157,32.0,0.8845872,608.73535,738.6457,747.8218,778.31415,678.27856,758.4799
158,32.0,0.9430181,803.1659,81.53465,867.1625,152.0663,835.1642,116.800476
159,32.0,0.87525845,495.29303,774.738,809.524,888.1356,652.4085,831.43677
160,32.0,0.89426124,409.02042,525.4699,722.37146,952.00006,565.6959,738.735
161,32.0,0.87183464,732.6736,66.514725,872.75885,99.78053,802.7162,83.14763
162,32.0,0.92369986,361.81754,670.5981,405.85046,694.01514,383.83398,682.30664
163,32.0,0.9368847,277.2479,534.9271,564.18445,952.00006,420.7162,743.4636
164,32.0,0.714362,856.84644,92.945694,887.7876,117.8464,872.317,105.39604
165,32.0,0.9176627,361.08383,662.0607,407.51337,707.2646,384.29858,684.66266
166,32.0,0.8142351,534.81287,62.7263,1111.0,210.40536,822.90643,136.56583
167,32.0,0.7000997,514.1,674.96814,706.4939,836.7117,610.29694,755.8399
168,32.0,0.93940693,433.629,732.0209,1008.65753,919.64795,721.1433,825.8344
170,32.0,0.9183938,193.65445,629.748,505.20642,889.72205,349.43042,759.735
171,32.0,0.7974273,614.9799,728.4743,679.83405,782.82574,647.407,755.65
172,32.0,0.6250955,498.37292,632.17194,797.17883,741.86127,647.7759,687.0166
173,32.0,0.86509675,569.36566,761.2463,644.45905,815.8288,606.91235,788.53754
174,32.0,0.6886646,605.9052,777.6444,761.12555,816.2793,683.5154,796.96185
175,32.0,0.659827,559.0939,660.433,789.7567,784.1768,674.4253,722.30493
176,32.0,0.8516847,689.17194,0.0,920.1475,171.80873,804.6597,85.904366
177,32.0,0.58929825,688.5612,773.2017,759.3699,831.2838,723.9656,802.2428
178,32.0,0.650652,624.22626,739.8454,815.01776,867.30676,719.622,803.57605
179,32.0,0.8251846,558.3969,712.7046,823.38617,941.7867,690.89154,827.2456
180,32.0,0.9084469,501.3622,703.52405,797.7038,952.00006,649.533,827.7621
182,32.0,0.5217703,691.3445,804.6425,761.38074,860.583,726.3626,832.6128
183,32.0,0.9302016,412.6907,700.9716,731.9338,952.00006,572.31226,826.48584
184,32.0,0.8851737,482.05685,741.5473,664.83636,780.86224,573.4466,761.2048
185,32.0,0.8987959,463.57388,814.0008,598.4251,847.26154,530.9995,830.63116
186,32.0,0.8579662,729.9224,56.781574,944.2828,213.23036,837.1026,135.00597
187,32.0,0.7793791,699.0508,133.74254,751.57007,152.59639,725.3104,143.16946
188,32.0,0.91853124,368.1241,666.08417,392.84784,691.18744,380.48596,678.6358
189,32.0,0.87195146,665.1971,59.154682,877.6427,209.02466,771.4199,134.08968
191,32.0,0.54427785,660.64417,138.91045,956.3219,219.91194,808.48303,179.4112
192,32.0,0.8244569,14.11296,555.16895,1090.3737,824.43884,552.24335,689.8039
193,32.0,0.8880079,468.56693,712.0269,675.85297,865.5943,572.20996,788.8106
195,32.0,0.87023723,698.6023,68.310905,830.51154,100.25504,764.5569,84.282974
